# dataset: GeoCSV 2.0
# delimiter: ,
# SID: XB_ELYHK_11_UMC
# sample_count: 669
# sample_rate_hz: 0.01
# start_time: 2019-01-01T00:01:04.569000Z
# latitude_deg: 4.502384
# longitude_deg: 135.623447
# elevation_m: -2613.4
# depth_m: 0.9
# azimuth_deg: 90.0
# dip_deg: 0
# instrument: HK-Position
# geodetic_datum: Mars 2000 planetocentric, MOLA geoid
# field_unit: UTC, Counts
# field_type: datetime, INTEGER
Time, Sample
2019-01-01T00:01:04.569000Z, 30349
2019-01-01T00:02:44.569000Z, 30351
2019-01-01T00:04:24.569000Z, 30348
2019-01-01T00:06:04.569000Z, 30349
2019-01-01T00:07:44.569000Z, 30351
2019-01-01T00:09:24.569000Z, 30349
2019-01-01T00:11:04.569000Z, 30350
2019-01-01T00:12:44.569000Z, 30349
2019-01-01T00:14:24.569000Z, 30349
2019-01-01T00:16:04.569000Z, 30349
2019-01-01T00:17:44.569000Z, 30349
2019-01-01T00:19:24.569000Z, 30349
2019-01-01T00:21:04.569000Z, 30349
2019-01-01T00:22:44.569000Z, 30350
2019-01-01T00:24:24.569000Z, 30349
2019-01-01T00:26:04.569000Z, 30347
2019-01-01T00:27:44.569000Z, 30349
2019-01-01T00:29:24.569000Z, 30346
2019-01-01T00:31:04.569000Z, 30349
2019-01-01T00:32:44.569000Z, 30350
2019-01-01T00:34:24.569000Z, 30350
2019-01-01T00:36:04.569000Z, 30348
2019-01-01T00:37:44.569000Z, 30349
2019-01-01T00:39:24.569000Z, 30347
2019-01-01T00:41:04.569000Z, 30347
2019-01-01T00:42:44.569000Z, 30349
2019-01-01T00:44:24.569000Z, 30347
2019-01-01T00:46:04.569000Z, 30348
2019-01-01T00:47:44.569000Z, 30348
2019-01-01T00:49:24.569000Z, 30348
2019-01-01T00:51:04.569000Z, 30348
2019-01-01T00:52:44.569000Z, 30348
2019-01-01T00:54:24.569000Z, 30347
2019-01-01T00:56:04.569000Z, 30347
2019-01-01T00:57:44.569000Z, 30346
2019-01-01T00:59:24.569000Z, 30346
2019-01-01T01:01:04.569000Z, 30348
2019-01-01T01:02:44.569000Z, 30347
2019-01-01T01:04:24.569000Z, 30346
2019-01-01T01:06:04.569000Z, 30344
2019-01-01T01:07:44.569000Z, 30347
2019-01-01T01:09:24.569000Z, 30347
2019-01-01T01:11:04.569000Z, 30347
2019-01-01T01:12:44.569000Z, 30346
2019-01-01T01:14:24.569000Z, 30346
2019-01-01T01:16:04.569000Z, 30346
2019-01-01T01:17:44.569000Z, 30346
2019-01-01T01:19:24.569000Z, 30344
2019-01-01T01:21:04.569000Z, 30346
2019-01-01T01:22:44.569000Z, 30345
2019-01-01T01:24:24.569000Z, 30345
2019-01-01T01:26:04.569000Z, 30344
2019-01-01T01:27:44.569000Z, 30343
2019-01-01T01:29:24.569000Z, 30346
2019-01-01T01:31:04.569000Z, 30346
2019-01-01T01:32:44.569000Z, 30345
2019-01-01T01:34:24.569000Z, 30345
2019-01-01T01:36:04.569000Z, 30345
2019-01-01T01:37:44.569000Z, 30347
2019-01-01T01:39:24.569000Z, 30344
2019-01-01T01:41:04.569000Z, 30343
2019-01-01T01:42:44.569000Z, 30342
2019-01-01T01:44:24.569000Z, 30344
2019-01-01T01:46:04.569000Z, 30343
2019-01-01T01:47:44.569000Z, 30344
2019-01-01T01:49:24.569000Z, 30342
2019-01-01T01:51:04.569000Z, 30342
2019-01-01T01:52:44.569000Z, 30344
2019-01-01T01:54:24.569000Z, 30343
2019-01-01T01:56:04.569000Z, 30343
2019-01-01T01:57:44.569000Z, 30343
2019-01-01T01:59:24.569000Z, 30343
2019-01-01T02:01:04.569000Z, 30343
2019-01-01T02:02:44.569000Z, 30344
2019-01-01T02:04:24.569000Z, 30344
2019-01-01T02:06:04.569000Z, 30344
2019-01-01T02:07:44.569000Z, 30345
2019-01-01T02:09:24.569000Z, 30343
2019-01-01T02:11:04.569000Z, 37664
2019-01-01T02:12:44.569000Z, 37668
2019-01-01T02:14:24.569000Z, 37676
2019-01-01T02:16:04.569000Z, 37677
2019-01-01T02:17:44.569000Z, 37678
2019-01-01T02:19:24.569000Z, 37679
2019-01-01T02:21:04.569000Z, 37678
2019-01-01T02:22:44.569000Z, 37679
2019-01-01T02:24:24.569000Z, 37679
2019-01-01T02:26:04.569000Z, 37678
2019-01-01T02:27:44.569000Z, 37678
2019-01-01T02:29:24.569000Z, 37679
2019-01-01T02:31:04.569000Z, 37680
2019-01-01T02:32:44.569000Z, 37679
2019-01-01T02:34:24.569000Z, 37679
2019-01-01T02:36:04.569000Z, 37680
2019-01-01T02:37:44.569000Z, 37680
2019-01-01T02:39:24.569000Z, 37680
2019-01-01T02:41:04.569000Z, 37680
2019-01-01T02:42:44.569000Z, 37680
2019-01-01T02:44:24.569000Z, 37680
2019-01-01T02:46:04.569000Z, 37680
2019-01-01T02:47:44.569000Z, 37680
2019-01-01T02:49:24.569000Z, 37680
2019-01-01T02:51:04.569000Z, 37680
2019-01-01T02:52:44.569000Z, 37680
2019-01-01T02:54:24.569000Z, 37680
2019-01-01T02:56:04.569000Z, 37680
2019-01-01T02:57:44.569000Z, 37680
2019-01-01T02:59:24.569000Z, 37680
2019-01-01T03:01:04.569000Z, 37680
2019-01-01T03:02:44.569000Z, 37680
2019-01-01T03:04:24.569000Z, 37680
2019-01-01T03:06:04.569000Z, 37680
2019-01-01T03:07:44.569000Z, 37680
2019-01-01T03:09:24.569000Z, 37681
2019-01-01T03:11:04.569000Z, 37681
2019-01-01T03:12:44.569000Z, 37681
2019-01-01T03:14:24.569000Z, 37680
2019-01-01T03:16:04.569000Z, 37681
2019-01-01T03:17:44.569000Z, 37680
2019-01-01T03:19:24.569000Z, 37680
2019-01-01T03:21:04.569000Z, 37682
2019-01-01T03:22:44.569000Z, 37681
2019-01-01T03:24:24.569000Z, 37683
2019-01-01T03:26:04.569000Z, 37684
2019-01-01T03:27:44.569000Z, 37686
2019-01-01T03:29:24.569000Z, 37684
2019-01-01T03:31:04.569000Z, 37686
2019-01-01T03:32:44.569000Z, 37686
2019-01-01T03:34:24.569000Z, 37686
2019-01-01T03:36:04.569000Z, 37686
2019-01-01T03:37:44.569000Z, 37687
2019-01-01T03:39:24.569000Z, 37686
2019-01-01T03:41:04.569000Z, 37686
2019-01-01T03:42:44.569000Z, 37689
2019-01-01T03:44:24.569000Z, 37689
2019-01-01T03:46:04.569000Z, 37688
2019-01-01T03:47:44.569000Z, 37690
2019-01-01T03:49:24.569000Z, 37689
2019-01-01T03:51:04.569000Z, 37688
2019-01-01T03:52:44.569000Z, 37691
2019-01-01T03:54:24.569000Z, 37688
2019-01-01T03:56:04.569000Z, 37691
2019-01-01T03:57:44.569000Z, 37690
2019-01-01T03:59:24.569000Z, 37690
2019-01-01T04:01:04.569000Z, 37692
2019-01-01T04:02:44.569000Z, 37690
2019-01-01T04:04:24.569000Z, 37691
2019-01-01T04:06:04.569000Z, 37690
2019-01-01T04:07:44.569000Z, 37693
2019-01-01T04:09:24.569000Z, 37691
2019-01-01T04:11:04.569000Z, 37692
2019-01-01T04:12:44.569000Z, 37692
2019-01-01T04:14:24.569000Z, 37694
2019-01-01T04:16:04.569000Z, 37692
2019-01-01T04:17:44.569000Z, 37691
2019-01-01T04:19:24.569000Z, 37690
2019-01-01T04:21:04.569000Z, 37691
2019-01-01T04:22:44.569000Z, 37690
2019-01-01T04:24:24.569000Z, 37692
2019-01-01T04:26:04.569000Z, 37692
2019-01-01T04:27:44.569000Z, 37693
2019-01-01T04:29:24.569000Z, 37692
2019-01-01T04:31:04.569000Z, 37693
2019-01-01T04:32:44.569000Z, 37693
2019-01-01T04:34:24.569000Z, 37692
2019-01-01T04:36:04.569000Z, 37693
2019-01-01T04:37:44.569000Z, 37692
2019-01-01T04:39:24.569000Z, 37693
2019-01-01T04:41:04.569000Z, 37693
2019-01-01T04:42:44.569000Z, 37694
2019-01-01T04:44:24.569000Z, 37694
2019-01-01T04:46:04.569000Z, 37695
2019-01-01T04:47:44.569000Z, 37695
2019-01-01T04:49:24.569000Z, 37695
2019-01-01T04:51:04.569000Z, 37695
2019-01-01T04:52:44.569000Z, 37695
2019-01-01T04:54:24.569000Z, 37695
2019-01-01T04:56:04.569000Z, 37696
2019-01-01T04:57:44.569000Z, 37696
2019-01-01T04:59:24.569000Z, 37696
2019-01-01T05:01:04.569000Z, 37696
2019-01-01T05:02:44.569000Z, 37696
2019-01-01T05:04:24.569000Z, 37696
2019-01-01T05:06:04.569000Z, 37696
2019-01-01T05:07:44.569000Z, 37696
2019-01-01T05:09:24.569000Z, 37696
2019-01-01T05:11:04.569000Z, 37696
2019-01-01T05:12:44.569000Z, 37696
2019-01-01T05:14:24.569000Z, 37696
2019-01-01T05:16:04.569000Z, 37696
2019-01-01T05:17:44.569000Z, 37696
2019-01-01T05:19:24.569000Z, 37696
2019-01-01T05:21:04.569000Z, 37697
2019-01-01T05:22:44.569000Z, 37696
2019-01-01T05:24:24.569000Z, 37697
2019-01-01T05:26:04.569000Z, 37698
2019-01-01T05:27:44.569000Z, 37702
2019-01-01T05:29:24.569000Z, 37701
2019-01-01T05:31:04.569000Z, 37702
2019-01-01T05:32:44.569000Z, 37705
2019-01-01T05:34:24.569000Z, 37706
2019-01-01T05:36:04.569000Z, 37705
2019-01-01T05:37:44.569000Z, 37707
2019-01-01T05:39:24.569000Z, 37707
2019-01-01T05:41:04.569000Z, 37710
2019-01-01T05:42:44.569000Z, 37710
2019-01-01T05:44:24.569000Z, 37710
2019-01-01T05:46:04.569000Z, 37712
2019-01-01T05:47:44.569000Z, 37710
2019-01-01T05:49:24.569000Z, 37711
2019-01-01T05:51:04.569000Z, 37712
2019-01-01T05:52:44.569000Z, 37712
2019-01-01T05:54:24.569000Z, 37712
2019-01-01T05:56:04.569000Z, 37712
2019-01-01T05:57:44.569000Z, 37712
2019-01-01T05:59:24.569000Z, 37712
2019-01-01T06:01:04.569000Z, 37712
2019-01-01T06:02:44.569000Z, 37712
2019-01-01T06:04:24.569000Z, 37712
2019-01-01T06:06:04.569000Z, 37712
2019-01-01T06:07:44.569000Z, 37712
2019-01-01T06:09:24.569000Z, 37712
2019-01-01T06:11:04.569000Z, 37712
2019-01-01T06:12:44.569000Z, 37713
2019-01-01T06:14:24.569000Z, 37714
2019-01-01T06:16:04.569000Z, 37715
2019-01-01T06:17:44.569000Z, 37719
2019-01-01T06:19:24.569000Z, 37720
2019-01-01T06:21:04.569000Z, 37720
2019-01-01T06:22:44.569000Z, 37723
2019-01-01T06:24:24.569000Z, 37724
2019-01-01T06:26:04.569000Z, 37725
2019-01-01T06:27:44.569000Z, 37726
2019-01-01T06:29:24.569000Z, 37728
2019-01-01T06:31:04.569000Z, 37727
2019-01-01T06:32:44.569000Z, 37728
2019-01-01T06:34:24.569000Z, 37727
2019-01-01T06:36:04.569000Z, 37727
2019-01-01T06:37:44.569000Z, 37728
2019-01-01T06:39:24.569000Z, 37728
2019-01-01T06:41:04.569000Z, 37728
2019-01-01T06:42:44.569000Z, 37728
2019-01-01T06:44:24.569000Z, 37728
2019-01-01T06:46:04.569000Z, 37728
2019-01-01T06:47:44.569000Z, 37728
2019-01-01T06:49:24.569000Z, 37728
2019-01-01T06:51:04.569000Z, 37728
2019-01-01T06:52:44.569000Z, 37728
2019-01-01T06:54:24.569000Z, 37728
2019-01-01T06:56:04.569000Z, 37731
2019-01-01T06:57:44.569000Z, 37730
2019-01-01T06:59:24.569000Z, 37733
2019-01-01T07:01:04.569000Z, 37734
2019-01-01T07:02:44.569000Z, 37735
2019-01-01T07:04:24.569000Z, 37737
2019-01-01T07:06:04.569000Z, 37737
2019-01-01T07:07:44.569000Z, 37736
2019-01-01T07:09:24.569000Z, 37739
2019-01-01T07:11:04.569000Z, 37741
2019-01-01T07:12:44.569000Z, 37742
2019-01-01T07:14:24.569000Z, 37741
2019-01-01T07:16:04.569000Z, 37741
2019-01-01T07:17:44.569000Z, 37742
2019-01-01T07:19:24.569000Z, 37743
2019-01-01T07:21:04.569000Z, 37743
2019-01-01T07:22:44.569000Z, 37743
2019-01-01T07:24:24.569000Z, 37743
2019-01-01T07:26:04.569000Z, 37744
2019-01-01T07:27:44.569000Z, 37744
2019-01-01T07:29:24.569000Z, 37744
2019-01-01T07:31:04.569000Z, 37744
2019-01-01T07:32:44.569000Z, 37744
2019-01-01T07:34:24.569000Z, 37744
2019-01-01T07:36:04.569000Z, 37744
2019-01-01T07:37:44.569000Z, 37744
2019-01-01T07:39:24.569000Z, 37744
2019-01-01T07:41:04.569000Z, 37744
2019-01-01T07:42:44.569000Z, 37745
2019-01-01T07:44:24.569000Z, 37744
2019-01-01T07:46:04.569000Z, 37745
2019-01-01T07:47:44.569000Z, 37744
2019-01-01T07:49:24.569000Z, 37746
2019-01-01T07:51:04.569000Z, 37747
2019-01-01T07:52:44.569000Z, 37748
2019-01-01T07:54:24.569000Z, 37750
2019-01-01T07:56:04.569000Z, 37752
2019-01-01T07:57:44.569000Z, 37753
2019-01-01T07:59:24.569000Z, 37755
2019-01-01T08:01:04.569000Z, 37756
2019-01-01T08:02:44.569000Z, 37756
2019-01-01T08:04:24.569000Z, 37756
2019-01-01T08:06:04.569000Z, 37759
2019-01-01T08:07:44.569000Z, 37759
2019-01-01T08:09:24.569000Z, 37759
2019-01-01T08:11:04.569000Z, 37760
2019-01-01T08:12:44.569000Z, 37759
2019-01-01T08:14:24.569000Z, 37760
2019-01-01T08:16:04.569000Z, 37760
2019-01-01T08:17:44.569000Z, 37760
2019-01-01T08:19:24.569000Z, 37760
2019-01-01T08:21:04.569000Z, 37760
2019-01-01T08:22:44.569000Z, 37760
2019-01-01T08:24:24.569000Z, 37760
2019-01-01T08:26:04.569000Z, 37760
2019-01-01T08:27:44.569000Z, 37760
2019-01-01T08:29:24.569000Z, 37760
2019-01-01T08:31:04.569000Z, 37761
2019-01-01T08:32:44.569000Z, 37762
2019-01-01T08:34:24.569000Z, 37763
2019-01-01T08:36:04.569000Z, 37762
2019-01-01T08:37:44.569000Z, 37762
2019-01-01T08:39:24.569000Z, 37765
2019-01-01T08:41:04.569000Z, 37768
2019-01-01T08:42:44.569000Z, 37770
2019-01-01T08:44:24.569000Z, 37773
2019-01-01T08:46:04.569000Z, 37770
2019-01-01T08:47:44.569000Z, 37774
2019-01-01T08:49:24.569000Z, 37773
2019-01-01T08:51:04.569000Z, 37775
2019-01-01T08:52:44.569000Z, 37775
2019-01-01T08:54:24.569000Z, 37776
2019-01-01T08:56:04.569000Z, 37776
2019-01-01T08:57:44.569000Z, 37776
2019-01-01T08:59:24.569000Z, 37776
2019-01-01T09:01:04.569000Z, 37776
2019-01-01T09:02:44.569000Z, 37776
2019-01-01T09:04:24.569000Z, 37776
2019-01-01T09:06:04.569000Z, 37776
2019-01-01T09:07:44.569000Z, 37776
2019-01-01T09:09:24.569000Z, 37776
2019-01-01T09:11:04.569000Z, 37776
2019-01-01T09:12:44.569000Z, 37776
2019-01-01T09:14:24.569000Z, 37776
2019-01-01T09:16:04.569000Z, 37776
2019-01-01T09:17:44.569000Z, 37776
2019-01-01T09:19:24.569000Z, 37776
2019-01-01T09:21:04.569000Z, 37778
2019-01-01T09:22:44.569000Z, 37777
2019-01-01T09:24:24.569000Z, 37781
2019-01-01T09:26:04.569000Z, 37783
2019-01-01T09:27:44.569000Z, 37784
2019-01-01T09:29:24.569000Z, 37788
2019-01-01T09:31:04.569000Z, 37788
2019-01-01T09:32:44.569000Z, 37788
2019-01-01T09:34:24.569000Z, 37789
2019-01-01T09:36:04.569000Z, 37790
2019-01-01T09:37:44.569000Z, 37792
2019-01-01T09:39:24.569000Z, 37791
2019-01-01T09:41:04.569000Z, 37792
2019-01-01T09:42:44.569000Z, 37792
2019-01-01T09:44:24.569000Z, 37792
2019-01-01T09:46:04.569000Z, 37792
2019-01-01T09:47:44.569000Z, 37792
2019-01-01T09:49:24.569000Z, 37792
2019-01-01T09:51:04.569000Z, 37792
2019-01-01T09:52:44.569000Z, 37792
2019-01-01T09:54:24.569000Z, 37792
2019-01-01T09:56:04.569000Z, 37792
2019-01-01T09:57:44.569000Z, 37792
2019-01-01T09:59:24.569000Z, 37792
2019-01-01T10:01:04.569000Z, 37792
2019-01-01T10:02:44.569000Z, 37793
2019-01-01T10:04:24.569000Z, 37792
2019-01-01T10:06:04.569000Z, 37793
2019-01-01T10:07:44.569000Z, 37795
2019-01-01T10:09:24.569000Z, 37795
2019-01-01T10:11:04.569000Z, 37800
2019-01-01T10:12:44.569000Z, 37795
2019-01-01T10:14:24.569000Z, 37800
2019-01-01T10:16:04.569000Z, 37799
2019-01-01T10:17:44.569000Z, 37798
2019-01-01T10:19:24.569000Z, 37801
2019-01-01T10:21:04.569000Z, 37802
2019-01-01T10:22:44.569000Z, 37802
2019-01-01T10:24:24.569000Z, 37801
2019-01-01T10:26:04.569000Z, 37803
2019-01-01T10:27:44.569000Z, 37802
2019-01-01T10:29:24.569000Z, 37804
2019-01-01T10:31:04.569000Z, 37803
2019-01-01T10:32:44.569000Z, 37805
2019-01-01T10:34:24.569000Z, 37802
2019-01-01T10:36:04.569000Z, 37804
2019-01-01T10:37:44.569000Z, 37802
2019-01-01T10:39:24.569000Z, 37801
2019-01-01T10:41:04.569000Z, 37801
2019-01-01T10:42:44.569000Z, 37801
2019-01-01T10:44:24.569000Z, 37800
2019-01-01T10:46:04.569000Z, 37799
2019-01-01T10:47:44.569000Z, 37798
2019-01-01T10:49:24.569000Z, 37796
2019-01-01T10:51:04.569000Z, 37796
2019-01-01T10:52:44.569000Z, 37795
2019-01-01T10:54:24.569000Z, 37794
2019-01-01T10:56:04.569000Z, 37794
2019-01-01T10:57:44.569000Z, 37793
2019-01-01T10:59:24.569000Z, 37792
2019-01-01T11:01:04.569000Z, 37792
2019-01-01T11:02:44.569000Z, 37793
2019-01-01T11:04:24.569000Z, 37792
2019-01-01T11:06:04.569000Z, 37792
2019-01-01T11:07:44.569000Z, 37792
2019-01-01T11:09:24.569000Z, 37792
2019-01-01T11:11:04.569000Z, 37792
2019-01-01T11:12:44.569000Z, 37792
2019-01-01T11:14:24.569000Z, 37792
2019-01-01T11:16:04.569000Z, 37792
2019-01-01T11:17:44.569000Z, 37792
2019-01-01T11:19:24.569000Z, 37792
2019-01-01T11:21:04.569000Z, 37792
2019-01-01T11:22:44.569000Z, 37792
2019-01-01T11:24:24.569000Z, 37792
2019-01-01T11:26:04.569000Z, 37792
2019-01-01T11:27:44.569000Z, 37792
2019-01-01T11:29:24.569000Z, 37792
2019-01-01T11:31:04.569000Z, 37792
2019-01-01T11:32:44.569000Z, 37792
2019-01-01T11:34:24.569000Z, 37792
2019-01-01T11:36:04.569000Z, 37792
2019-01-01T11:37:44.569000Z, 37792
2019-01-01T11:39:24.569000Z, 37792
2019-01-01T11:41:04.569000Z, 37792
2019-01-01T11:42:44.569000Z, 37792
2019-01-01T11:44:24.569000Z, 37792
2019-01-01T11:46:04.569000Z, 37792
2019-01-01T11:47:44.569000Z, 37792
2019-01-01T11:49:24.569000Z, 37792
2019-01-01T11:51:04.569000Z, 37792
2019-01-01T11:52:44.569000Z, 37792
2019-01-01T11:54:24.569000Z, 37792
2019-01-01T11:56:04.569000Z, 37792
2019-01-01T11:57:44.569000Z, 37791
2019-01-01T11:59:24.569000Z, 37792
2019-01-01T12:01:04.569000Z, 37792
2019-01-01T12:02:44.569000Z, 37792
2019-01-01T12:04:24.569000Z, 37792
2019-01-01T12:06:04.569000Z, 37791
2019-01-01T12:07:44.569000Z, 37792
2019-01-01T12:09:24.569000Z, 37792
2019-01-01T12:11:04.569000Z, 37791
2019-01-01T12:12:44.569000Z, 37792
2019-01-01T12:14:24.569000Z, 37791
2019-01-01T12:16:04.569000Z, 37791
2019-01-01T12:17:44.569000Z, 37790
2019-01-01T12:19:24.569000Z, 37792
2019-01-01T12:21:04.569000Z, 37791
2019-01-01T12:22:44.569000Z, 37791
2019-01-01T12:24:24.569000Z, 37789
2019-01-01T12:26:04.569000Z, 37789
2019-01-01T12:27:44.569000Z, 37791
2019-01-01T12:29:24.569000Z, 37791
2019-01-01T12:31:04.569000Z, 37791
2019-01-01T12:32:44.569000Z, 37789
2019-01-01T12:34:24.569000Z, 37790
2019-01-01T12:36:04.569000Z, 37790
2019-01-01T12:37:44.569000Z, 37792
2019-01-01T12:39:24.569000Z, 37791
2019-01-01T12:41:04.569000Z, 37792
2019-01-01T12:42:44.569000Z, 37792
2019-01-01T12:44:24.569000Z, 37791
2019-01-01T12:46:04.569000Z, 37792
2019-01-01T12:47:44.569000Z, 37792
2019-01-01T12:49:24.569000Z, 37792
2019-01-01T12:51:04.569000Z, 37792
2019-01-01T12:52:44.569000Z, 37791
2019-01-01T12:54:24.569000Z, 37792
2019-01-01T12:56:04.569000Z, 37792
2019-01-01T12:57:44.569000Z, 37792
2019-01-01T12:59:24.569000Z, 37792
2019-01-01T13:01:04.569000Z, 37792
2019-01-01T13:02:44.569000Z, 37792
2019-01-01T13:04:24.569000Z, 37792
2019-01-01T13:06:04.569000Z, 37792
2019-01-01T13:07:44.569000Z, 37792
2019-01-01T13:09:24.569000Z, 37792
2019-01-01T13:11:04.569000Z, 37792
2019-01-01T13:12:44.569000Z, 37792
2019-01-01T13:14:24.569000Z, 37792
2019-01-01T13:16:04.569000Z, 37792
2019-01-01T13:17:44.569000Z, 37792
2019-01-01T13:19:24.569000Z, 37792
2019-01-01T13:21:04.569000Z, 37792
2019-01-01T13:22:44.569000Z, 37792
2019-01-01T13:24:24.569000Z, 37792
2019-01-01T13:26:04.569000Z, 37792
2019-01-01T13:27:44.569000Z, 37792
2019-01-01T13:29:24.569000Z, 37792
2019-01-01T13:31:04.569000Z, 37792
2019-01-01T13:32:44.569000Z, 37792
2019-01-01T13:34:24.569000Z, 37792
2019-01-01T13:36:04.569000Z, 37792
2019-01-01T13:37:44.569000Z, 37792
2019-01-01T13:39:24.569000Z, 37792
2019-01-01T13:41:04.569000Z, 37792
2019-01-01T13:42:44.569000Z, 37792
2019-01-01T13:44:24.569000Z, 37792
2019-01-01T13:46:04.569000Z, 37792
2019-01-01T13:47:44.569000Z, 37792
2019-01-01T13:49:24.569000Z, 37792
2019-01-01T13:51:04.569000Z, 37792
2019-01-01T13:52:44.569000Z, 37795
2019-01-01T13:54:24.569000Z, 37792
2019-01-01T13:56:04.569000Z, 37793
2019-01-01T13:57:44.569000Z, 37794
2019-01-01T13:59:24.569000Z, 37796
2019-01-01T14:01:04.569000Z, 37795
2019-01-01T14:02:44.569000Z, 37796
2019-01-01T14:04:24.569000Z, 37798
2019-01-01T14:06:04.569000Z, 37798
2019-01-01T14:07:44.569000Z, 37795
2019-01-01T14:09:24.569000Z, 37800
2019-01-01T14:11:04.569000Z, 37802
2019-01-01T14:12:44.569000Z, 37800
2019-01-01T14:14:24.569000Z, 37802
2019-01-01T14:16:04.569000Z, 37802
2019-01-01T14:17:44.569000Z, 37803
2019-01-01T14:19:24.569000Z, 37801
2019-01-01T14:21:04.569000Z, 37804
2019-01-01T14:22:44.569000Z, 37803
2019-01-01T14:24:24.569000Z, 37802
2019-01-01T14:26:04.569000Z, 37803
2019-01-01T14:27:44.569000Z, 37804
2019-01-01T14:29:24.569000Z, 37806
2019-01-01T14:31:04.569000Z, 37807
2019-01-01T14:32:44.569000Z, 37806
2019-01-01T14:34:24.569000Z, 37806
2019-01-01T14:36:04.569000Z, 37806
2019-01-01T14:37:44.569000Z, 37804
2019-01-01T14:39:24.569000Z, 37806
2019-01-01T14:41:04.569000Z, 37806
2019-01-01T14:42:44.569000Z, 37805
2019-01-01T14:44:24.569000Z, 37807
2019-01-01T14:46:04.569000Z, 37806
2019-01-01T14:47:44.569000Z, 37804
2019-01-01T14:49:24.569000Z, 37806
2019-01-01T14:51:04.569000Z, 37804
2019-01-01T14:52:44.569000Z, 37804
2019-01-01T14:54:24.569000Z, 37805
2019-01-01T14:56:04.569000Z, 37802
2019-01-01T14:57:44.569000Z, 37805
2019-01-01T14:59:24.569000Z, 37804
2019-01-01T15:01:04.569000Z, 37802
2019-01-01T15:02:44.569000Z, 37803
2019-01-01T15:04:24.569000Z, 37803
2019-01-01T15:06:04.569000Z, 37802
2019-01-01T15:07:44.569000Z, 37803
2019-01-01T15:09:24.569000Z, 37802
2019-01-01T15:11:04.569000Z, 37800
2019-01-01T15:12:44.569000Z, 37801
2019-01-01T15:14:24.569000Z, 37802
2019-01-01T15:16:04.569000Z, 37799
2019-01-01T15:17:44.569000Z, 37798
2019-01-01T15:19:24.569000Z, 37797
2019-01-01T15:21:04.569000Z, 37798
2019-01-01T15:22:44.569000Z, 37799
2019-01-01T15:24:24.569000Z, 37797
2019-01-01T15:26:04.569000Z, 37795
2019-01-01T15:27:44.569000Z, 37795
2019-01-01T15:29:24.569000Z, 37796
2019-01-01T15:31:04.569000Z, 37793
2019-01-01T15:32:44.569000Z, 37795
2019-01-01T15:34:24.569000Z, 37794
2019-01-01T15:36:04.569000Z, 37794
2019-01-01T15:37:44.569000Z, 37792
2019-01-01T15:39:24.569000Z, 37792
2019-01-01T15:41:04.569000Z, 37792
2019-01-01T15:42:44.569000Z, 37792
2019-01-01T15:44:24.569000Z, 37793
2019-01-01T15:46:04.569000Z, 37792
2019-01-01T15:47:44.569000Z, 37792
2019-01-01T15:49:24.569000Z, 37792
2019-01-01T15:51:04.569000Z, 37792
2019-01-01T15:52:44.569000Z, 37792
2019-01-01T15:54:24.569000Z, 37792
2019-01-01T15:56:04.569000Z, 37792
2019-01-01T15:57:44.569000Z, 37792
2019-01-01T15:59:24.569000Z, 37792
2019-01-01T16:01:04.569000Z, 37792
2019-01-01T16:02:44.569000Z, 37792
2019-01-01T16:04:24.569000Z, 37792
2019-01-01T16:06:04.569000Z, 37792
2019-01-01T16:07:44.569000Z, 37792
2019-01-01T16:09:24.569000Z, 37792
2019-01-01T16:11:04.569000Z, 37792
2019-01-01T16:12:44.569000Z, 37792
2019-01-01T16:14:24.569000Z, 37792
2019-01-01T16:16:04.569000Z, 37792
2019-01-01T16:17:44.569000Z, 37792
2019-01-01T16:19:24.569000Z, 37792
2019-01-01T16:21:04.569000Z, 37791
2019-01-01T16:22:44.569000Z, 37791
2019-01-01T16:24:24.569000Z, 37791
2019-01-01T16:26:04.569000Z, 37788
2019-01-01T16:27:44.569000Z, 30365
2019-01-01T16:29:24.569000Z, 30353
2019-01-01T16:31:04.569000Z, 30353
2019-01-01T16:32:44.569000Z, 30354
2019-01-01T16:34:24.569000Z, 30355
2019-01-01T16:36:04.569000Z, 30352
2019-01-01T16:37:44.569000Z, 30353
2019-01-01T16:39:24.569000Z, 30353
2019-01-01T16:41:04.569000Z, 30353
2019-01-01T16:42:44.569000Z, 30353
2019-01-01T16:44:24.569000Z, 30355
2019-01-01T16:46:04.569000Z, 30354
2019-01-01T16:47:44.569000Z, 30353
2019-01-01T16:49:24.569000Z, 30356
2019-01-01T16:51:04.569000Z, 30357
2019-01-01T16:52:44.569000Z, 30359
2019-01-01T16:54:24.569000Z, 30359
2019-01-01T16:56:04.569000Z, 30357
2019-01-01T16:57:44.569000Z, 30359
2019-01-01T16:59:24.569000Z, 30361
2019-01-01T17:01:04.569000Z, 30363
2019-01-01T17:02:44.569000Z, 30362
2019-01-01T17:04:24.569000Z, 30360
2019-01-01T17:06:04.569000Z, 30360
2019-01-01T17:07:44.569000Z, 30366
2019-01-01T17:09:24.569000Z, 30363
2019-01-01T17:11:04.569000Z, 30364
2019-01-01T17:12:44.569000Z, 30364
2019-01-01T17:14:24.569000Z, 30363
2019-01-01T17:16:04.569000Z, 30364
2019-01-01T17:17:44.569000Z, 30364
2019-01-01T17:19:24.569000Z, 30364
2019-01-01T17:21:04.569000Z, 30364
2019-01-01T17:22:44.569000Z, 30364
2019-01-01T17:24:24.569000Z, 30363
2019-01-01T17:26:04.569000Z, 30366
2019-01-01T17:27:44.569000Z, 30366
2019-01-01T17:29:24.569000Z, 30365
2019-01-01T17:31:04.569000Z, 30366
2019-01-01T17:32:44.569000Z, 30366
2019-01-01T17:34:24.569000Z, 30364
2019-01-01T17:36:04.569000Z, 30366
2019-01-01T17:37:44.569000Z, 30364
2019-01-01T17:39:24.569000Z, 30366
2019-01-01T17:41:04.569000Z, 30366
2019-01-01T17:42:44.569000Z, 30365
2019-01-01T17:44:24.569000Z, 30364
2019-01-01T17:46:04.569000Z, 30365
2019-01-01T17:47:44.569000Z, 30366
2019-01-01T17:49:24.569000Z, 30365
2019-01-01T17:51:04.569000Z, 30366
2019-01-01T17:52:44.569000Z, 30366
2019-01-01T17:54:24.569000Z, 30365
2019-01-01T17:56:04.569000Z, 30364
2019-01-01T17:57:44.569000Z, 30365
2019-01-01T17:59:24.569000Z, 30366
2019-01-01T18:01:04.569000Z, 30365
2019-01-01T18:02:44.569000Z, 30366
2019-01-01T18:04:24.569000Z, 30364
2019-01-01T18:06:04.569000Z, 30365
2019-01-01T18:07:44.569000Z, 30365
2019-01-01T18:09:24.569000Z, 30365
2019-01-01T18:11:04.569000Z, 30364
2019-01-01T18:12:44.569000Z, 30365
2019-01-01T18:14:24.569000Z, 30364
2019-01-01T18:16:04.569000Z, 30365
2019-01-01T18:17:44.569000Z, 30365
2019-01-01T18:19:24.569000Z, 30367
2019-01-01T18:21:04.569000Z, 30366
2019-01-01T18:22:44.569000Z, 30367
2019-01-01T18:24:24.569000Z, 30367
2019-01-01T18:26:04.569000Z, 30366
2019-01-01T18:27:44.569000Z, 30366
2019-01-01T18:29:24.569000Z, 30366
2019-01-01T18:31:04.569000Z, 30366
2019-01-01T18:32:44.569000Z, 30366
2019-01-01T18:34:24.569000Z, 30367
# dataset: GeoCSV 2.0
# delimiter: ,
# SID: XB_ELYHK_11_UMC
# sample_count: 132
# sample_rate_hz: 0.01
# start_time: 2019-01-01T18:43:49.447000Z
# latitude_deg: 4.502384
# longitude_deg: 135.623447
# elevation_m: -2613.4
# depth_m: 0.9
# azimuth_deg: 90.0
# dip_deg: 0
# instrument: HK-Position
# geodetic_datum: Mars 2000 planetocentric, MOLA geoid
# field_unit: UTC, Counts
# field_type: datetime, INTEGER
Time, Sample
2019-01-01T18:43:49.447000Z, 30365
2019-01-01T18:45:29.447000Z, 30366
2019-01-01T18:47:09.447000Z, 30366
2019-01-01T18:48:49.447000Z, 30366
2019-01-01T18:50:29.447000Z, 30368
2019-01-01T18:52:09.447000Z, 30367
2019-01-01T18:53:49.447000Z, 30366
2019-01-01T18:55:29.447000Z, 30367
2019-01-01T18:57:09.447000Z, 30367
2019-01-01T18:58:49.447000Z, 30368
2019-01-01T19:00:29.447000Z, 30366
2019-01-01T19:02:09.447000Z, 30367
2019-01-01T19:03:49.447000Z, 30368
2019-01-01T19:05:29.447000Z, 30368
2019-01-01T19:07:09.447000Z, 30367
2019-01-01T19:08:49.447000Z, 30367
2019-01-01T19:10:29.447000Z, 30367
2019-01-01T19:12:09.447000Z, 30368
2019-01-01T19:13:49.447000Z, 30367
2019-01-01T19:15:29.447000Z, 30367
2019-01-01T19:17:09.447000Z, 30368
2019-01-01T19:18:49.447000Z, 30367
2019-01-01T19:20:29.447000Z, 30367
2019-01-01T19:22:09.447000Z, 30368
2019-01-01T19:23:49.447000Z, 30367
2019-01-01T19:25:29.447000Z, 30367
2019-01-01T19:27:09.447000Z, 30366
2019-01-01T19:28:49.447000Z, 30368
2019-01-01T19:30:29.447000Z, 30368
2019-01-01T19:32:09.447000Z, 30367
2019-01-01T19:33:49.447000Z, 30368
2019-01-01T19:35:29.447000Z, 30368
2019-01-01T19:37:09.447000Z, 30367
2019-01-01T19:38:49.447000Z, 30367
2019-01-01T19:40:29.447000Z, 30367
2019-01-01T19:42:09.447000Z, 30366
2019-01-01T19:43:49.447000Z, 30366
2019-01-01T19:45:29.447000Z, 30367
2019-01-01T19:47:09.447000Z, 30367
2019-01-01T19:48:49.447000Z, 30367
2019-01-01T19:50:29.447000Z, 30366
2019-01-01T19:52:09.447000Z, 30366
2019-01-01T19:53:49.447000Z, 30367
2019-01-01T19:55:29.447000Z, 30367
2019-01-01T19:57:09.447000Z, 30367
2019-01-01T19:58:49.447000Z, 30367
2019-01-01T20:00:29.447000Z, 30367
2019-01-01T20:02:09.447000Z, 30367
2019-01-01T20:03:49.447000Z, 30367
2019-01-01T20:05:29.447000Z, 30367
2019-01-01T20:07:09.447000Z, 30366
2019-01-01T20:08:49.447000Z, 30366
2019-01-01T20:10:29.447000Z, 30366
2019-01-01T20:12:09.447000Z, 30366
2019-01-01T20:13:49.447000Z, 30367
2019-01-01T20:15:29.447000Z, 30365
2019-01-01T20:17:09.447000Z, 30367
2019-01-01T20:18:49.447000Z, 30365
2019-01-01T20:20:29.447000Z, 30365
2019-01-01T20:22:09.447000Z, 30365
2019-01-01T20:23:49.447000Z, 30364
2019-01-01T20:25:29.447000Z, 30366
2019-01-01T20:27:09.447000Z, 30365
2019-01-01T20:28:49.447000Z, 30365
2019-01-01T20:30:29.447000Z, 30365
2019-01-01T20:32:09.447000Z, 30367
2019-01-01T20:33:49.447000Z, 30364
2019-01-01T20:35:29.447000Z, 30366
2019-01-01T20:37:09.447000Z, 30365
2019-01-01T20:38:49.447000Z, 30366
2019-01-01T20:40:29.447000Z, 30363
2019-01-01T20:42:09.447000Z, 30364
2019-01-01T20:43:49.447000Z, 30366
2019-01-01T20:45:29.447000Z, 30363
2019-01-01T20:47:09.447000Z, 30364
2019-01-01T20:48:49.447000Z, 30363
2019-01-01T20:50:29.447000Z, 30363
2019-01-01T20:52:09.447000Z, 30363
2019-01-01T20:53:49.447000Z, 30361
2019-01-01T20:55:29.447000Z, 30363
2019-01-01T20:57:09.447000Z, 30360
2019-01-01T20:58:49.447000Z, 30365
2019-01-01T21:00:29.447000Z, 30361
2019-01-01T21:02:09.447000Z, 30360
2019-01-01T21:03:49.447000Z, 30361
2019-01-01T21:05:29.447000Z, 30360
2019-01-01T21:07:09.447000Z, 30360
2019-01-01T21:08:49.447000Z, 30360
2019-01-01T21:10:29.447000Z, 30357
2019-01-01T21:12:09.447000Z, 30355
2019-01-01T21:13:49.447000Z, 30358
2019-01-01T21:15:29.447000Z, 30355
2019-01-01T21:17:09.447000Z, 30357
2019-01-01T21:18:49.447000Z, 30354
2019-01-01T21:20:29.447000Z, 30355
2019-01-01T21:22:09.447000Z, 30356
2019-01-01T21:23:49.447000Z, 30354
2019-01-01T21:25:29.447000Z, 30356
2019-01-01T21:27:09.447000Z, 30355
2019-01-01T21:28:49.447000Z, 30353
2019-01-01T21:30:29.447000Z, 30352
2019-01-01T21:32:09.447000Z, 30354
2019-01-01T21:33:49.447000Z, 30353
2019-01-01T21:35:29.447000Z, 30352
2019-01-01T21:37:09.447000Z, 30352
2019-01-01T21:38:49.447000Z, 30352
2019-01-01T21:40:29.447000Z, 30352
2019-01-01T21:42:09.447000Z, 30352
2019-01-01T21:43:49.447000Z, 30352
2019-01-01T21:45:29.447000Z, 30352
2019-01-01T21:47:09.447000Z, 30352
2019-01-01T21:48:49.447000Z, 30352
2019-01-01T21:50:29.447000Z, 30352
2019-01-01T21:52:09.447000Z, 30352
2019-01-01T21:53:49.447000Z, 30352
2019-01-01T21:55:29.447000Z, 30352
2019-01-01T21:57:09.447000Z, 30352
2019-01-01T21:58:49.447000Z, 30352
2019-01-01T22:00:29.447000Z, 30352
2019-01-01T22:02:09.447000Z, 30352
2019-01-01T22:03:49.447000Z, 30352
2019-01-01T22:05:29.447000Z, 30352
2019-01-01T22:07:09.447000Z, 30352
2019-01-01T22:08:49.447000Z, 30352
2019-01-01T22:10:29.447000Z, 30352
2019-01-01T22:12:09.447000Z, 30352
2019-01-01T22:13:49.447000Z, 30352
2019-01-01T22:15:29.447000Z, 30352
2019-01-01T22:17:09.447000Z, 30352
2019-01-01T22:18:49.447000Z, 30352
2019-01-01T22:20:29.447000Z, 30352
2019-01-01T22:22:09.447000Z, 30352
